v -—- 23 -----

1111 1111111, 111111.

5) 1111 111 111111, 1111111.
2111 1111111, 111111. (733 111111 1111111111, 111111.

11111111111111, (111111. 1111111 111111, 111111.
) (11111 1111111111, 1111111111, 1111111111. 8) 1111111 <11111, 111111.
1 ) 11111 111111111111111111111. 9)- 111111 (1111111111, 1111111111,
1 )111111111111111, 111111. 1111111111.
12) - 1111111 111111111111111111111. 10) 11111 (11111, 1111111111, 1111111111.
13) 111111111111111, (111111. 11) 1111111 11111111, (111111.
14) 1111111 11111, (111111. 12) 11111 11111111, 1111111111.
15) 11111 11111111, (111111. 13) 11111111 11111, 1111111111.
16) 111111 8111111, 1111111111 111111. 14) 1111111 111, 1111111111.
17) 111111 1111111, 11111111. 15) 1111111 1111111111), 111111.
18)11111112111111111, 111111. 16) 111111119111111, 111111.
19) 1 1111111) 1111111111, 11111. 17) 111111 11111111, 111111.
20) 1111111 81111111, 111111. 18) 111111 11111111, 111111.
. 21) 11111 1111111, 111111. 19) 11111 11111111, (111111.
22) 111111 11111111, (111111. 20) 1111111111 11111111, 111111.
23) 111111 111111, (111111. 21) 1111111 11111111, 111111.
2411111111 1511111111, 1111111111. 22) 1111111111111, 111111.
21) 1111111 111111, 1111111111, 21111111111111. 23) 1111111111 1111111, 1111111.
26) 1 *wilhelm 1101111111, sBrssss· 24) 11111111111111,9111111111111,811111.
25) 11111 1111111111, 111111.
&3¹³⁰ 26) 1111111111 11111111, 11111.
1) 11119ῑῦ1 vautss· 27) 1111 1111111111, 81111111, 11111111.
2) 1111111 9111111111, 111111111111. 28) 11111111 1111111, 1111111111 1. 1.
3) 11111111 1111111111, 111111. 29) 11111111111111, 11111111.
4) - 1111111 1111111111, 111111. 30) 4- 11111 3111111111, (11111.

1111 11111111 1111111111 1111111111 11111111 (1111111111 110 1111111. 1111111111
111111 1111311111 111111111111111111111 1111111111 1111111111 111111111111111
11111111 13 6111111 ab: 1) 111ὓ1111111111111 (11111111 1111111111, 1111111111111, 2) 111
eben in 111 8111111111 11111111 81111 31111111, 111 811111111111 1111111; 3) 111 4)
1111111 in 11111111111111 11111111 1111 11111111 111 1111111111111111111111111111111
11111111) 11111111, 111 111111 111111111111111111 11111 11111111 111 (1111111111 in
1111111111 11 beinthem 5) 1111111111111111111111111) 111111, 1111 111 1111 11111 81
1111111111 1111 111111111111111; 6) 111 11111111111111111111 11111111 111111 1111111111,
11111111111111111111111111111, 8) 1119)111 eben 11 111 Quarta 1111111111 111111
1111111 111111111111111,10)11111111111111111111111111111,11)111121111
11111111 3111118111111111111 111 1111111, 111 111 1111111111111111, 13) 111 1111
111111111111111111111111 11111111111, 111111 1111111111 in 1111111111 11 be:
111111. 11111111 111111321111111113111111 111 1111111111 111 11111111 8 1111111
1111111111 1)111 11111111111111111111111 11111, 111 {ciuem 1111111111) 11111ῑὶ11 11

11111112) 111 1111 in 1111111111111 11111111 2111111 81111, 111 111) 1111 ,21111111 l

 

