ψῃ...

131111111. 1111111111. Quintam. 11111211. 111111.ι811111111111111111.

1111111111. 1111111111. (11111111111111111111111. 111111131111111. &ema
(51. 111111111111111111111111.

1111111. 1 &h 111111 111111 1111111, 1 &t 1111111111 1111 11111111, 2 &h 1111 1111111
1 &t 111111 111111111111 1111111 1111 1111111. 1111111111 11111111. ’

Q 1111111. 211. 1111111 111111, 2111. 1111 111 11111111 1111111. 111111111111111111.

1111111111.

1111111111111 1111111 1111 26. 111111 1816 1111111111 1111111111 11111111111 111111
111111 111111 (1111111111 1111111111111111111111 1111111111 1111 1111111111111111 1111
1111 11111111 111 11111111 111 111 1111111111 1111111111 1111111111111 1111111, 11111111 1111
curriculum 11111, 11111111 111111111111 111111 1111111111111111111111111111 11111.

,1111 111111 1112. 11111111 184911111111 111111 11111 111 11111111 8111111111 111
111 11111111 11111111111111 1111111111 1111111. 1111111111 11111111111111 111111111 1111
1111111111111111 11111 111 11111 11111111 1111111111 1111111 11111, 1111111111 Ditem 1859 11111
111111111111111. 1111111111111 11111111111111. 1111111111111111111111111111111111 11111 111
11111111818111 1111111111 31111, 1111 11111 11111 11111111111111111111111 111 11111111. ,1111
1111111111111 1111 1111111111, 111111 111 1111111 1111111 11111111111111 111 11111111111111111111111,11
111111. 11111111181011111111 111 1111 1111111 1111, 111111 1111 11111 1113111111111111 111 11111111
111111111111111 11111111 1111111111111111 1111111111. 11111111111111 1111111111, 11111111 111
1111111111111111111 18111121111111111, 11111111 1111 1111 1111111111 1111111. 111 111111 1813
1111111111 1111 111111111111111111 11 1111111111 11, 1111111111) 1111 11111111 1814111111111111111
1111111. 13111111 1811111111 111 11111 1111111111 1111111. 1111111111111111111111111111 11111
1111111111 1111 11111111 (1111111111 1111111111. 1111111111 111 11 11111111 1816111 1111111111
11111111111111111111 111 111 111111. 11111111111111111 111111111111111111111 ,11111111 11111111
11111,111111111 111111. 111111 18111111111111111 11111111 Gymnasium Gasimirianum 1111111.”

11112111111111111111 11111111 11111 1111 9. 8111111 111 1111111111111111 1111 1111111
11111111, 1111111111111111 (1111111111 1111111111111111111 1111111111 11111111.

1111 16111111 1111111111 1111111111111111 11111111111811111,111111 11 1111 1111111111
11111111 (111111 1111 11111111 1111111111111,111111111111111111111111111 1111111, 1111 111111,
111111, 1111111111111111 1111111111, 1111 1111111111 1111 111111 11111111 11111 11111111111111111111.
1111111111111111111 111111111111111111111111 11111111 11111 111111 1111111111 11111 1111111
111111111111111111111 1111111111111 11111111 111111 11111 1111111111 1111111111111 11111111111111
1111111111111111 11 111111[111111111111111111 1111111 1111 11111111 1111 111111111111111111111
1111111111.

111123.1111111111111111111111111 11111111 111 1111 1111111 1111111 1111111 11111111 11111
11111111, 1111 11111111 1111 11111111 1111 11111 11111111111111 1111111 111111 111 1111111
1111111111111111111111111111111111 111111 1111 11111111 1111111111 1111111111 111111111111111
1111111111111111111111111 11111 1111111111111111.

11114. 1111 111111 111 1111111111111111 8111111111 11 1111111111111111 111111 11111111.
1111111111111111 11111111111111111 ,11111 11111111111111 11111111111111 1111111111 1111111·

ΙΙΙ

s,

 

